Province,Ho Chi Minh,Ha Noi,Hai Phong ,Can Tho,Dong Nai,Quang Nam ,Bac Ninh,Hai Duong,Nghe An,Hue,Thanh Hoa,Khanh Hoa ,Nam Dinh,Dak Lak,Thai Nguyen,Vung Tau,Ca Mau,Binh Dinh,Soc Trang,An Giang,Phu Tho,Thai Binh,Quang Ngai,Lam Dong,Binh Duong,Phu Yen,Bac Lieu,Dong Thap,Binh Thuan,Ninh Thuan,Quang Ninh,Ha Tinh,Quang Binh,Lang Son,Gia Lai,Long An,Tra Vinh,Ninh Binh,Tay Ninh,Tien Giang,Haa Binh,Kon Tum,Vinh Long,Hau Giang,Yen Bai,Quang Tri,Lao Cai,Ben Tre,Bac Giang,Cao Bang,Binh Phuoc,Ha Giang,Tuyen Quang,Bac Kan,Son La,Ha Nam,Hung Yen,Kien Giang,Lai Chau,Da Nang,Dak Nong,Dien Bien,Vinh Phuc,Latitude,Longitude
Ho Chi Minh,0,1160.328125,1116.327582,124.3400088,30.55865025,597.4550908,1160.851404,1132.378709,885.6947213,642.2067956,1010.212451,300.4857814,1075.260444,261.265604,1208.275219,67.5710509,240.1573238,436.8873258,148.8775375,167.0169125,1180.996234,1077.443119,537.6457572,233.1656422,20.66979308,388.4239578,193.4550416,115.5178959,166.5915308,270.943467,1141.596019,846.7715457,747.4236408,1232.931513,386.6332662,36.72169888,97.75035244,1058.005018,85.45783351,56.11735474,1126.947727,428.1045371,92.43730843,168.4334186,1231.088806,673.7591033,1326.705848,65.51581352,1169.929015,1325.32984,98.73104057,1352.918818,1240.050579,1269.542718,1210.504348,1094.960639,1124.167884,253.2455707,1338.581425,612.139008,197.3768841,1284.528508,1184.499927,10.7638,106.6436
Ha Noi,1160.328125,0,126.3858596,1235.554616,1144.991818,656.6907774,59.49923806,88.53212523,274.8684043,564.3933659,150.6909911,1096.520867,105.5451349,980.350354,62.57412888,1206.680358,1330.285177,909.844356,1284.364583,1161.779357,22.61457051,116.2111343,754.0597889,1070.185931,1146.311969,982.4170529,1318.813458,1187.779882,1169.423935,1127.764108,184.0384292,313.7166202,422.4640015,151.7917148,840.3366489,1183.607394,1249.123776,109.8470328,1094.661699,1203.3623,39.68718852,795.7702471,1211.579718,1263.008934,90.95760612,509.9418783,211.2652589,1216.577772,73.07765826,187.238063,1061.756632,194.9953906,82.37618504,117.8301673,166.2741024,75.45833322,61.93742826,1253.715745,264.688208,632.8769261,1012.092866,258.9691499,25.15659633,21.1382,105.505
Hai Phong ,1116.327582,126.3858596,0,1201.305114,1098.305041,575.0459908,74.85572536,38.21237226,257.6134143,492.0559525,144.2657973,1022.902156,66.92508803,916.5615509,122.8452279,1157.438492,1302.316657,827.9992454,1247.995807,1135.570689,143.8644969,51.87195959,670.516807,1004.108399,1100.794648,902.7199146,1285.042269,1155.382185,1108.516215,1056.724931,67.14763414,284.6755531,368.9825351,116.9282332,772.8731623,1142.430496,1208.803476,94.24008077,1056.981236,1162.845266,138.216182,727.1791525,1175.248631,1232.059841,211.7541073,446.5315713,329.802471,1175.723309,71.90465471,212.7460052,1017.733346,284.3458527,188.9073555,173.081894,291.6599748,81.04622641,67.79715301,1233.502621,388.3651168,552.1426803,954.6846997,385.3549788,131.8554038,20.8,106.6667
Can Tho,124.3400088,1235.554616,1201.305114,0,154.8364912,706.3183301,1240.919573,1214.553251,961.0757824,741.5093811,1087.182888,421.6982203,1156.047114,383.2626914,1286.58183,154.3143872,117.3138602,559.9066335,52.44161576,104.0132987,1255.393123,1159.760836,653.3104796,356.9448312,144.8277438,512.7418418,83.74141297,50.26001351,278.5467477,389.4077965,1231.223,924.3918645,833.3388195,1318.233329,500.7948212,87.73284774,62.03786094,1137.021336,146.4053435,71.342665,1200.47333,539.755267,32.40423329,44.10997165,1301.369574,766.4278154,1390.814836,69.36104544,1250.974248,1406.800444,200.7803038,1425.172286,1313.331857,1347.906722,1271.981875,1173.594679,1203.685561,141.4020524,1397.101956,719.138646,318.3161613,1340.06003,1260.217144,10.0333,105.7833
Dong Nai,30.55865025,1144.991818,1098.305041,154.8364912,0,572.9234732,1144.164266,1115.131849,870.7558565,620.6969558,994.597679,270.5759719,1058.475922,232.321336,1192.02757,65.45990319,270.2807188,407.2417759,177.2859554,193.0169928,1165.864732,1060.222563,510.8430252,202.6448568,11.25921111,358.0082045,222.1496992,144.6482858,140.9082946,241.9266196,1122.217924,831.2791256,729.7503819,1214.697711,360.7341387,67.12265654,124.3736624,1041.743248,94.51570955,85.65516148,1112.125562,403.0172435,122.9921463,198.9409916,1217.030688,654.2387382,1314.216734,93.67739184,1152.957559,1308.088317,85.53982148,1338.19436,1225.159068,1253.216073,1198.86179,1078.756363,1107.678552,282.9012618,1327.577244,588.2014804,169.2484011,1274.383073,1168.99858,10.9277,106.8681
Quang Nam ,597.4550908,656.6907774,575.0459908,706.3183301,572.9234732,0,636.5583142,601.3645254,418.7181587,102.6160197,514.0860535,449.3910756,554.585482,358.4563163,688.0633766,622.3224518,820.805535,253.6132028,743.7088152,672.888557,679.2776032,549.9398478,97.55685941,439.1586404,578.5474638,327.7256353,786.4867498,669.7083062,549.8212865,484.9824082,581.6415104,376.4940031,256.8567018,684.4063229,214.7630108,630.1581132,695.1440604,546.8619373,562.3185586,651.2487258,633.8838927,170.3484808,675.5148967,745.4864682,743.2725223,168.0133619,858.4124045,662.3742615,641.0296271,786.7981767,506.0753905,848.6282095,738.6382673,745.4549001,764.2835653,582.0113551,604.9039884,783.2397111,894.0081714,24.10782802,409.3747794,858.3198314,676.8121099,15.8777,108.3327
Bac Ninh,1160.851404,59.49923806,74.85572536,1240.919573,1144.164266,636.5583142,0,38.05668026,282.3688349,548.9208391,156.4923167,1081.635218,85.74842203,970.5530522,51.66033156,1204.658081,1338.750727,890.1484666,1288.768398,1170.858111,72.06861549,86.82859534,733.1223175,1059.319354,1146.066378,964.0302974,1324.506345,1193.967931,1161.397852,1114.316112,125.7109688,316.7295183,415.5116776,101.9318634,828.3390769,1185.548894,1251.567036,104.2226348,1098.174214,1205.65231,86.98554634,783.0734087,1215.912339,1269.984421,137.6585423,498.7758661,254.9810831,1218.719846,15.63142494,166.3668986,1062.120804,214.1481223,114.1603549,110.1664316,224.6844197,68.89234964,37.6058623,1265.709719,314.3680447,613.1695043,1005.653147,314.8287693,58.1619094,21.1861,106.0763
Hai Duong,1132.378709,88.53212523,38.21237226,1214.553251,1115.131849,601.3645254,38.05668026,0,260.8217279,515.2659675,138.5925996,1047.564523,60.25303543,938.2165588,88.74438334,1175.085545,1313.795442,854.8392721,1261.920934,1146.346074,105.6538482,54.93787566,697.6123122,1026.547057,1117.277687,929.0240768,1298.231072,1168.028326,1129.548591,1080.669108,98.13019587,292.2535991,385.5141718,110.2394477,795.3868443,1157.673243,1223.862342,84.82565555,1071.079879,1177.914581,104.1338693,749.939798,1189.0879,1244.357684,173.6819827,466.7531655,292.1819965,1190.906518,39.6651114,192.9644717,1033.667764,251.4400631,151.9982139,144.0914088,254.4072262,58.06242946,34.0344006,1242.59758,350.219441,578.1239048,974.5054858,347.4235648,93.79778903,20.9399,106.3309
Nghe An,885.6947213,274.8684043,257.6134143,961.0757824,870.7558565,418.7181587,282.3688349,260.8217279,0,317.6976559,126.4663698,837.6873771,200.5914299,714.1875081,325.9530606,932.889754,1057.188495,663.5267284,1009.671344,889.0236752,295.3214752,208.6240821,514.7437513,805.0111884,871.8837415,731.8788717,1044.451473,913.5527301,900.3202456,866.2290065,307.9962779,43.08764215,163.5043048,370.1869261,578.7300783,908.7638594,974.2560901,178.2937018,819.8224037,928.4993039,241.3720156,535.9985769,936.861346,989.1206118,347.5112412,255.1523822,452.6062459,941.7199682,293.9068327,448.665957,787.2029811,467.4475532,354.4136811,387.1655747,348.7936432,213.8447117,244.772335,983.347399,480.0013966,394.7646783,741.8456772,440.4626692,299.3217831,18.6733,105.6922
Hue,642.2067956,564.3933659,492.0559525,741.5093811,620.6969558,102.6160197,548.9208391,515.2659675,317.6976559,0,418.4511438,532.845458,464.9399659,425.221788,599.8912316,675.7442285,851.9029228,347.6019961,783.3178138,694.6128186,586.840473,462.1265137,197.109113,512.0997918,624.7716781,418.5659254,824.0845505,700.4988114,617.7272577,565.4377519,506.725014,275.101254,154.8283599,605.2281495,280.9151063,672.1136159,738.4652413,454.7690778,595.1767002,693.1369973,539.3352074,235.1432383,712.3541539,777.6930703,648.9577718,65.4832002,762.1724132,705.2061705,554.7479611,704.801935,545.944537,758.2020959,646.7268808,658.8356728,664.9820443,490.8288199,515.5603388,802.268996,795.3791628,79.5884545,467.0643392,758.0121145,585.5800089,16.4637,107.5908
Thanh Hoa,1010.212451,150.6909911,144.2657973,1087.182888,994.597679,514.0860535,156.4923167,138.5925996,126.4663698,418.4511438,0,948.6696138,79.47894452,830.4954599,199.5264672,1056.12559,1183.645115,765.6636852,1135.572708,1015.489951,172.174716,92.39648602,611.6304101,920.6044548,996.025543,837.0061437,1170.622597,1039.801035,1019.065992,979.1621824,205.4404829,163.4519364,272.7008822,248.8188633,691.4246927,1033.88327,1099.577254,53.81584452,945.4508918,1053.753468,121.3126121,647.2556485,1062.737189,1115.472846,230.787887,361.5850513,344.3263605,1066.925009,168.739933,322.4986752,911.5787591,345.356484,232.189624,260.7893102,257.2447503,87.66262579,118.920842,1109.58294,382.8242516,490.039272,861.5384619,355.405201,174.4193839,19.8075,105.7764
Khanh Hoa ,300.4857814,1096.520867,1022.902156,421.6982203,270.5759719,449.3910756,1081.635218,1047.564523,837.6873771,532.845458,948.6696138,0,997.7841324,144.8109745,1132.698562,274.9369119,531.2756774,206.696764,431.0709411,458.7831002,1118.854389,994.8117331,358.6561318,78.04299299,281.6526924,131.8311231,474.760189,415.078892,152.2192952,42.07560871,1031.028668,794.7662456,676.9255597,1133.532599,259.2146955,335.4018299,376.2492753,987.1941772,337.945023,350.3576967,1069.975198,301.8325001,391.3073517,465.3150535,1179.410171,587.084631,1289.591172,353.9377242,1087.144317,1235.280174,277.779701,1290.803859,1178.897028,1191.401704,1185.447114,1023.465962,1048.405475,553.4662242,1316.927894,471.4959873,170.6195114,1273.135869,1118.094226,11.9136,109.1369
Nam Dinh,1075.260444,105.5451349,66.92508803,1156.047114,1058.475922,554.585482,85.74842203,60.25303543,200.5914299,464.9399659,79.47894452,997.7841324,0,885.3857773,135.3483304,1118.919485,1254.625784,808.1375818,1203.691079,1086.99294,127.8432881,18.35684179,651.632692,974.3836587,1060.414911,881.4608146,1239.680835,1109.296282,1075.991548,1030.035143,132.2964522,232.6491563,329.789709,170.1825663,743.578915,1100.108135,1166.180505,27.34557115,1012.988183,1120.253374,97.13594554,698.4637502,1130.840168,1185.478784,196.2725971,413.6124207,316.3746584,1133.298896,94.92984325,250.7544084,976.5295825,294.0454012,185.2048285,195.6073446,255.0719866,31.36895265,50.62685166,1182.8139,366.7102016,530.9688538,920.0469348,352.9247114,122.9430512,20.42,106.1683
Dak Lak,261.265604,980.350354,916.5615509,383.2626914,232.321336,358.4563163,970.5530522,938.2165588,714.1875081,425.221788,830.4954599,144.8109745,885.3857773,0,1020.725314,270.4236499,500.4002009,177.2387186,409.6069154,387.2065656,1002.31413,884.2148172,284.4664716,91.23723388,240.6919298,144.2543691,454.4475044,359.9806303,192.6997042,159.5447552,931.6303799,671.8708209,557.9094009,1030.370234,145.1829688,297.5246253,356.2721769,872.4149363,260.4832192,317.3781191,951.4414844,191.1288991,350.8597314,426.6449208,1060.041846,471.7893355,1166.676954,325.9887671,977.3769153,1129.186885,194.0007239,1175.33925,1062.45474,1080.719345,1058.765649,909.2416022,935.8500107,494.1078576,1190.102591,377.170519,65.4642715,1143.638831,1002.928315,12.6667,108.05
Thai Nguyen,1208.275219,62.57412888,122.8452279,1286.58183,1192.02757,688.0633766,51.66033156,88.74438334,325.9530606,599.8912316,199.5264672,1132.698562,135.3483304,1020.725314,0,1252.911629,1383.136287,941.6675317,1334.821596,1214.92437,56.88880824,138.1471559,784.6950181,1109.726651,1193.741616,1015.459439,1370.058677,1239.283065,1211.236864,1165.178353,161.4137655,362.3113892,464.5957976,97.76847268,878.887807,1232.488332,1298.344793,150.2885849,1144.510759,1252.472804,101.9791318,833.7274982,1261.973335,1314.99392,102.2631383,548.9590306,211.8934401,1265.597139,50.94895365,126.2749716,1109.566217,162.7076611,70.29533106,61.34526939,202.6829323,113.3162284,84.92033818,1308.439112,275.3855969,664.636957,1055.07214,284.3151525,41.08655976,21.6,105.85
Vung Tau,67.5710509,1206.680358,1157.438492,154.3143872,65.45990319,622.3224518,1204.658081,1175.085545,932.889754,675.7442285,1056.12559,274.9369119,1118.919485,270.4236499,1252.911629,0,257.0953274,437.9109821,156.2715441,223.8617152,1227.709731,1120.233337,554.2990247,219.7158935,68.98489217,380.4126757,199.8308034,165.1452884,125.962132,239.4129576,1179.697855,893.007957,789.5723174,1273.527792,407.9803682,81.91341201,101.9037907,1102.684468,152.5167326,86.82981245,1174.230672,451.9897334,128.710006,195.5758615,1279.653688,712.0480587,1377.786988,85.14148135,1213.169763,1367.959949,150.7032834,1400.30105,1287.171255,1314.003473,1262.886754,1139.730644,1168.377072,294.570619,1391.867061,638.8652567,213.1409075,1339.013379,1230.542161,10.4042,107.1417
Ca Mau,240.1573238,1330.285177,1302.316657,117.3138602,270.2807188,820.805535,1338.750727,1313.795442,1057.188495,851.9029228,1183.645115,531.2756774,1254.625784,500.4002009,1383.136287,257.0953274,0,676.7918951,101.4064181,168.7417302,1349.505592,1259.276433,769.9499426,470.3096343,260.8152922,628.0259363,63.20365646,151.5876573,382.8975424,496.4864501,1334.938891,1022.101593,936.4244458,1419.118089,617.276502,203.4735236,155.223467,1234.56336,258.5484012,184.7787295,1294.22626,655.5200786,149.6538558,75.44941743,1392.560123,873.4824508,1477.401128,178.6694983,1349.391395,1505.047459,316.9562068,1517.278623,1406.496482,1444.308748,1357.207399,1270.753487,1301.294683,107.7376688,1479.672205,832.8944074,435.5644144,1420.706427,1355.178498,9.1833,105.15
Binh Dinh,436.8873258,909.844356,827.9992454,559.9066335,407.2417759,253.6132028,890.1484666,854.8392721,663.5267284,347.6019961,765.6636852,206.696764,808.1375818,177.2387186,941.6675317,437.9109821,676.7918951,0,584.024783,562.6528271,932.4046048,803.550213,157.5418251,222.6931265,416.2227065,76.39454429,629.0123412,537.193151,335.8950979,246.706096,831.6401329,620.5337624,500.0467021,935.8624641,133.2922148,473.443399,529.8033822,799.9979542,436.4696129,492.8241241,886.1639407,150.9952371,527.5113893,603.4896278,995.7233362,408.3885986,1109.681738,500.7010055,894.5014524,1039.09376,370.2327733,1102.181972,991.9250251,998.9150237,1011.931761,835.37317,858.4918262,670.6518455,1142.650561,277.169008,242.6971827,1103.813606,930.2111695,13.7696,109.2314
Soc Trang,148.8775375,1284.364583,1247.995807,52.44161576,177.2859554,743.7088152,1288.768398,1261.920934,1009.671344,783.3178138,1135.572708,431.0709411,1203.691079,409.6069154,1334.821596,156.2715441,101.4064181,584.024783,0,154.0695721,1304.364107,1207.063205,686.2065975,372.477964,169.1890046,531.7844245,44.99974364,102.6343016,281.7671393,395.6252196,1276.686214,972.5196668,879.4799318,1364.904639,534.6758912,113.9857008,55.15541058,1185.031567,191.033021,93.13916148,1249.570063,575.320098,72.85649311,58.60277061,1351.052749,810.567533,1441.398889,83.62955138,1298.61576,1454.420651,238.1771356,1474.587315,1362.526726,1396.163588,1322.8361,1221.706459,1251.630918,165.0884873,1448.312589,757.5271783,346.1742973,1391.531833,1308.948561,9.6,105.9719
An Giang,167.0169125,1161.779357,1135.570689,104.0132987,193.0169928,672.888557,1170.858111,1146.346074,889.0236752,694.6128186,1015.489951,458.7831002,1086.99294,387.2065656,1214.92437,223.8617152,168.7417302,562.6528271,154.0695721,0,1180.921736,1091.957044,632.8287746,385.3923726,181.8280232,527.8425258,170.7362345,62.44090403,333.3501294,433.3579298,1169.612538,854.368697,771.2650479,1252.239003,481.1924922,141.9890988,158.6089557,1066.642911,126.8467985,140.3776372,1125.615232,514.5159077,106.1552351,109.0823327,1223.818406,711.7866374,1308.997128,147.9452702,1181.659688,1337.203488,193.320419,1348.546791,1237.821578,1276.048244,1188.986719,1102.719018,1133.359857,111.0187414,1312.031208,682.7046112,322.6992376,1253.543189,1186.698657,10.7,105.1167
Phu Tho,1180.996234,22.61457051,143.8644969,1255.393123,1165.864732,679.2776032,72.06861549,105.6538482,295.3214752,586.840473,172.174716,1118.854389,127.8432881,1002.31413,56.88880824,1227.709731,1349.505592,932.4046048,1304.364107,1180.921736,0,137.8643788,776.6552095,1092.22922,1167.099217,1004.930858,1338.572133,1207.479127,1191.185555,1150.000687,197.7289816,334.7069108,444.4049014,152.9973695,862.5087924,1204.04694,1269.46635,132.4195243,1114.864539,1223.740477,55.49959875,818.0019295,1231.609046,1282.539164,69.51799414,532.1580624,189.7470972,1236.977057,83.03144016,175.0637053,1082.47397,173.1876724,60.15169495,103.8226088,153.422802,98.01010823,82.46692028,1272.20798,244.9715144,655.4570018,1033.712805,242.8004652,16.67574419,21.3136,105.3947
Thai Binh,1077.443119,116.2111343,51.87195959,1159.760836,1060.222563,549.9398478,86.82859534,54.93787566,208.6240821,462.1265137,92.39648602,994.8117331,18.35684179,884.2148172,138.1471559,1120.233337,1259.276433,803.550213,1207.063205,1091.957044,137.8643788,0,646.6494157,972.7976592,1062.353175,877.3123776,1243.449062,1113.309345,1075.321136,1027.544054,115.316478,238.3545815,330.6653126,161.7618183,741.7398966,1102.741408,1168.936569,43.8576276,1016.201756,1122.98783,112.4480602,696.4130786,1134.235082,1189.694039,207.1320172,412.5409437,327.4552858,1135.976568,93.25586751,247.8923619,978.73133,299.4051562,193.1056253,196.7530886,270.680453,46.26933594,56.47831469,1188.636585,379.7193348,526.4955308,920.0017718,368.0164588,131.0456319,20.4461,106.3422
Quang Ngai,537.6457572,754.0597889,670.516807,653.3104796,510.8430252,97.55685941,733.1223175,697.6123122,514.7437513,197.109113,611.6304101,358.6561318,651.632692,284.4664716,784.6950181,554.2990247,769.9499426,157.5418251,686.2065975,632.8287746,776.6552095,646.6494157,0,357.1203779,517.7691604,232.9657977,730.2407398,621.326058,470.3264397,396.1371258,674.4061623,472.2043586,351.890948,778.3882108,152.7854713,572.2829786,634.9985341,644.2536481,514.3340607,593.0677614,731.4298372,119.5270971,621.5040607,694.6008873,840.7990407,261.2223944,955.9560884,603.1605336,737.2653552,881.5533477,453.0321349,945.6295941,835.9290561,841.6539775,861.2876459,679.2732949,701.851122,743.8317203,991.2320319,121.5916271,342.3975946,954.8801511,774.0298123,15.1206,108.7922
Lam Dong,233.1656422,1070.185931,1004.108399,356.9448312,202.6448568,439.1586404,1059.319354,1026.547057,805.0111884,512.0997918,920.6044548,78.04299299,974.3836587,91.23723388,1109.726651,219.7158935,470.3096343,222.6931265,372.477964,385.3923726,1092.22922,972.7976592,357.1203779,0,213.2626996,160.8043213,417.1628544,345.2555675,114.0658563,74.11048964,1017.222961,762.5966529,647.9141482,1117.162075,231.2427099,269.3515307,317.34446,961.9109523,262.3098004,286.2369386,1041.677782,276.9592783,325.4646838,401.0153101,1150.45394,560.8548591,1257.572791,291.6407266,1065.840288,1216.844746,200.5990423,1265.131532,1152.38023,1169.467347,1149.939812,998.6502704,1024.921813,483.6989309,1281.293442,459.3144228,95.63880873,1234.873625,1092.584302,11.9304,108.42
Binh Duong,20.66979308,1146.311969,1100.794648,144.8277438,11.25921111,578.5474638,1146.066378,1117.277687,871.8837415,624.7716781,996.025543,281.6526924,1060.414911,240.6919298,1193.741616,68.98489217,260.8152922,416.2227065,169.1890046,181.8280232,1167.099217,1062.353175,517.7691604,213.2626996,0,367.9156931,213.8781084,133.4896216,151.8990755,253.1641917,1125.325073,832.6380508,732.0492008,1217.288647,367.0948738,57.35221646,117.2556357,1043.4535,86.28350997,76.70060414,1113.225631,408.9209307,112.781911,188.8914826,1217.817444,657.3685422,1314.364535,85.62846046,1154.984575,1310.242158,85.02894585,1339.266522,1226.295607,1254.967668,1198.661496,1080.444425,1109.492197,271.8137448,1327.130492,593.5081268,176.985358,1273.595039,1170.390595,10.9039,106.7679
Phu Yen,388.4239578,982.4170529,902.7199146,512.7418418,358.0082045,327.7256353,964.0302974,929.0240768,731.8788717,418.5659254,837.0061437,131.8311231,881.4608146,144.2543691,1015.459439,380.4126757,628.0259363,76.39454429,531.7844245,527.8425258,1004.930858,877.3123776,232.9657977,160.8043213,367.9156931,0,576.6642411,495.4802626,269.8470469,172.8913105,907.3688086,688.7964205,568.8054246,1011.266153,171.0564709,425.1121911,476.8031482,872.6202371,401.0973483,443.2613751,957.8861806,203.2574521,480.653199,556.8043985,1067.506328,477.3693234,1180.446855,449.7440044,968.6879392,1114.200235,334.8545019,1175.416221,1064.641776,1073.11416,1080.662518,908.2844869,931.9286037,632.26126,1211.747508,350.9033999,205.7898881,1171.334858,1003.139216,13.0869,109.3086
Bac Lieu,193.4550416,1318.813458,1285.042269,83.74141297,222.1496992,786.4867498,1324.506345,1298.231072,1044.451473,824.0845505,1170.622597,474.760189,1239.680835,454.4475044,1370.058677,199.8308034,63.20365646,629.0123412,44.99974364,170.7362345,1338.572133,1243.449062,730.2407398,417.1628544,213.8781084,576.6642411,0,131.2376415,324.5474896,438.7062367,1314.903787,1007.92651,917.0691794,1401.970417,578.4197111,158.0244504,99.87163127,1220.573048,229.5640123,137.4598603,1283.590901,618.6301116,111.7374285,61.81094805,1384.094982,849.8239072,1472.631156,128.4730755,1334.604921,1490.430412,280.4561184,1508.077399,1396.383688,1431.374944,1353.443637,1257.116443,1287.250551,150.5856098,1477.93693,799.9301054,390.8293891,1420.352919,1343.50958,9.2833,105.7167
Dong Thap,115.5178959,1187.779882,1155.382185,50.26001351,144.6482858,669.7083062,1193.967931,1168.028326,913.5527301,700.4988114,1039.801035,415.078892,1109.296282,359.9806303,1239.283065,165.1452884,151.5876573,537.193151,102.6343016,62.44090403,1207.479127,1113.309345,621.326058,345.2555675,133.4896216,495.4802626,131.2376415,0,281.0509557,386.3835432,1186.388411,877.2936688,788.0978339,1272.293166,468.5486213,84.71245497,96.93555784,1089.955733,107.5060619,79.38311052,1152.463185,505.5676063,43.85665212,77.37123639,1252.859716,723.1368177,1341.586687,85.8830503,1204.200426,1360.011277,169.3040786,1376.8668,1265.221852,1300.581727,1222.558611,1126.431341,1156.659122,138.5251592,1347.416056,681.5146578,294.5175306,1290.199586,1212.504411,10.4603,105.6331
Binh Thuan,166.5915308,1169.423935,1108.516215,278.5467477,140.9082946,549.8212865,1161.397852,1129.548591,900.3202456,617.7272577,1019.065992,152.2192952,1075.991548,192.6997042,1211.236864,125.962132,382.8975424,335.8950979,281.7671393,333.3501294,1191.185555,1075.321136,470.3264397,114.0658563,151.8990755,269.8470469,324.5474896,281.0509557,0,114.3032367,1124.277627,858.5944166,747.2003701,1222.683238,337.8314381,196.9227735,227.8161177,1062.262373,228.8898912,208.1963409,1139.511301,383.8013948,250.4542653,320.8539393,1247.429035,662.8023613,1351.665163,209.2821474,1168.556828,1320.99936,187.5583783,1364.362794,1251.250886,1271.527806,1241.13071,1099.20802,1126.317675,416.3654938,1371.956377,569.1724697,159.2565334,1323.020341,1192.36267,10.9375,108.1583
Ninh Thuan,270.943467,1127.764108,1056.724931,389.4077965,241.9266196,484.9824082,1114.316112,1080.669108,866.2290065,565.4377519,979.1621824,42.07560871,1030.035143,159.5447552,1165.178353,239.4129576,496.4864501,246.706096,395.6252196,433.3579298,1150.000687,1027.544054,396.1371258,74.11048964,253.1641917,172.8913105,438.7062367,386.3835432,114.3032367,0,1066.383806,823.4785985,706.7724714,1168.177966,287.8385064,304.591772,341.2645414,1018.76064,316.5539899,318.2199493,1100.455759,331.9990153,359.8849106,432.5275747,1209.689681,617.8461224,1318.676388,320.7612694,1120.174655,1269.326066,260.4255627,1322.383122,1210.113798,1224.269532,1212.983533,1055.226485,1080.658719,524.0680491,1344.459875,506.6021579,169.0734991,1299.445317,1149.655067,11.5643,108.9886
Quang Ninh,1141.596019,184.0384292,67.14763414,1231.223,1122.217924,581.6415104,125.7109688,98.13019587,307.9962779,506.725014,205.4404829,1031.028668,132.2964522,931.6303799,161.4137655,1179.697855,1334.938891,831.6401329,1276.686214,1169.612538,197.7289816,115.316478,674.4061623,1017.222961,1125.325073,907.3688086,1314.903787,1186.388411,1124.277627,1066.383806,0,329.3148581,398.5177614,107.4236405,786.764675,1169.067548,1235.62,159.0980017,1085.795346,1189.739956,202.2100918,740.7946386,1204.227807,1263.483536,260.8192587,467.9806376,373.2476596,1202.391388,115.6275144,213.06033,1043.467387,310.6468685,231.6631797,195.3647676,350.1589844,148.1347105,131.6258259,1269.934849,436.3807967,559.7831126,973.3385266,440.2776573,183.1613927,21.0094,107.2728
Ha Tinh,846.7715457,313.7166202,284.6755531,924.3918645,831.2791256,376.4940031,316.7295183,292.2535991,43.08764215,275.101254,163.4519364,794.7662456,232.6491563,671.8708209,362.3113892,893.007957,1022.101593,620.5337624,972.5196668,854.368697,334.7069108,238.3545815,472.2043586,762.5966529,832.6380508,688.7964205,1007.92651,877.2936688,858.5944166,823.4785985,329.3148581,0,120.5994043,399.8530941,535.8856546,870.4591689,936.19578,212.6620663,782.2135661,890.356339,281.5957636,493.0314263,899.6691391,953.2587135,388.8521887,212.2005795,495.2237,903.5159512,327.3022932,482.9573504,748.1498883,507.4931907,394.281679,423.6561534,391.8806245,249.208173,279.3710847,950.3595681,523.0844941,352.60865,700.3577203,483.3521043,337.7539919,18.3431,105.9058
Quang Binh,747.4236408,422.4640015,368.9825351,833.3388195,729.7503819,256.8567018,415.5116776,385.5141718,163.5043048,154.8283599,272.7008822,676.9255597,329.789709,557.9094009,464.5957976,789.5723174,936.4244458,500.0467021,879.4799318,771.2650479,444.4049014,330.6653126,351.890948,647.9141482,732.0492008,568.8054246,917.0691794,788.0978339,747.2003701,706.7724714,398.5177614,120.5994043,0,485.7437032,418.9444858,773.4579829,839.8501278,315.1143868,688.4499388,793.8940301,393.8653417,375.1541381,806.823291,865.1086878,502.9434969,91.65819597,612.8319448,806.7552402,423.6775485,578.4163415,648.7924942,617.4593205,504.545549,525.3190005,511.9994454,352.1057867,379.7341016,872.5650199,642.9638156,233.1805151,590.5250333,603.9395704,445.2043183,17.4833,106.6
Lang Son,1232.931513,151.7917148,116.9282332,1318.233329,1214.697711,684.4063229,101.9318634,110.2394477,370.1869261,605.2281495,248.8188633,1133.532599,170.1825663,1030.370234,97.76847268,1273.527792,1419.118089,935.8624641,1364.904639,1252.239003,152.9973695,161.7618183,778.3882108,1117.162075,1217.288647,1011.266153,1401.970417,1272.293166,1222.683238,1168.177966,107.4236405,399.8530941,485.7437032,0,886.1014032,1259.196612,1325.593817,195.0230664,1173.885419,1279.63759,186.5126191,840.2484636,1292.163699,1348.949876,196.0287976,561.9288718,291.6680101,1292.496395,86.48348164,105.6373844,1134.379203,212.3483393,159.2433851,100.7201418,299.7628352,165.1307465,134.6988703,1349.731227,359.789976,662.0501756,1069.764294,376.9241451,136.3843,21.8478,106.7578
Gia Lai,386.6332662,840.3366489,772.8731623,500.7948212,360.7341387,214.7630108,828.3390769,795.3868443,578.7300783,280.9151063,691.4246927,259.2146955,743.578915,145.1829688,878.887807,407.9803682,617.276502,133.2922148,534.6758912,481.1924922,862.5087924,741.7398966,152.7854713,231.2427099,367.0948738,171.0564709,578.4197111,468.5486213,337.8314381,287.8385064,786.764675,535.8856546,418.9444858,886.1014032,0,420.6905283,484.29706,731.6165054,361.6307633,441.6048602,812.6966359,45.98490681,469.1047739,541.897548,921.8790603,330.4434065,1030.986611,452.0583507,834.71927,985.6059125,300.3241658,1035.122886,922.6462535,938.4587105,926.2490678,768.2301286,794.1599878,592.0881902,1057.733503,232.5550048,194.8532089,1014.04295,862.4412125,13.9715,108.0147
Long An,36.72169888,1183.607394,1142.430496,87.73284774,67.12265654,630.1581132,1185.548894,1157.673243,908.7638594,672.1136159,1033.88327,335.4018299,1100.108135,297.5246253,1232.488332,81.91341201,203.4735236,473.443399,113.9857008,141.9890988,1204.04694,1102.741408,572.2829786,269.3515307,57.35221646,425.1121911,158.0244504,84.71245497,196.9227735,304.591772,1169.067548,870.4591689,773.4579829,1259.196612,420.6905283,0,66.57437382,1082.319316,93.14141096,21.11551199,1149.702674,461.4537394,56.14709198,131.8425671,1252.967705,701.7170864,1346.839607,33.32513952,1194.917927,1350.529832,126.1999785,1375.450293,1262.814433,1293.809281,1229.781715,1119.191463,1148.679217,219.8123126,1357.08396,644.3054729,233.2636079,1302.114002,1207.939941,10.5322,106.4042
Tra Vinh,97.75035244,1249.123776,1208.803476,62.03786094,124.3736624,695.1440604,1251.567036,1223.862342,974.2560901,738.4652413,1099.577254,376.2492753,1166.180505,356.2721769,1298.344793,101.9037907,155.223467,529.8033822,55.15541058,158.6089557,1269.46635,1168.936569,634.9985341,317.34446,117.2556357,476.8031482,99.87163127,96.93555784,227.8161177,341.2645414,1235.62,936.19578,839.8501278,1325.593817,484.29706,66.57437382,0,1148.229272,155.3962027,45.95937605,1215.006536,525.8547642,53.4464874,96.89155206,1317.846155,768.291452,1410.754108,33.29084725,1261.020779,1416.678612,192.6799741,1440.615424,1328.101348,1359.677035,1293.209945,1185.068512,1214.643784,201.8794345,1419.968608,709.6834779,293.6153188,1364.385555,1273.516189,9.9369,106.3411
Ninh Binh,1058.005018,109.8470328,94.24008077,1137.021336,1041.743248,546.8619373,104.2226348,84.82565555,178.2937018,454.7690778,53.81584452,987.1941772,27.34557115,872.4149363,150.2885849,1102.684468,1234.56336,799.9979542,1185.031567,1066.642911,132.4195243,43.8576276,644.2536481,961.9109523,1043.4535,872.6202371,1220.573048,1089.955733,1062.262373,1018.76064,159.0980017,212.6620663,315.1143868,195.0230664,731.6165054,1082.319316,1148.229272,0,994.5682288,1102.341335,91.31939806,686.8361746,1112.17598,1165.897762,197.7898856,401.1865415,316.3731959,1115.447932,115.6452719,270.5884663,959.2919326,303.6391846,192.025619,211.5382511,245.2996574,37.06238787,66.73357818,1161.561734,362.5877093,523.0376137,905.5925158,344.0170244,130.9086595,20.2539,105.975
Tay Ninh,85.45783351,1094.661699,1056.981236,146.4053435,94.51570955,562.3185586,1098.174214,1071.079879,819.8224037,595.1767002,945.4508918,337.945023,1012.988183,260.4832192,1144.510759,152.5167326,258.5484012,436.4696129,191.033021,126.8467985,1114.864539,1016.201756,514.3340607,262.3098004,86.28350997,401.0973483,229.5640123,107.5060619,228.8898912,316.5539899,1085.795346,782.2135661,688.4499388,1173.885419,361.6307633,93.14141096,155.3962027,994.5682288,0,110.6527601,1060.270512,398.1489944,118.4325411,183.3910393,1162.725498,620.2696328,1255.357929,124.1325174,1107.89879,1263.676233,66.49936545,1285.709365,1173.331002,1205.855776,1137.865861,1031.313507,1061.10752,234.3370027,1264.792712,574.3558161,195.8546726,1209.499485,1119.142602,11.3131,106.0963
Tien Giang,56.11735474,1203.3623,1162.845266,71.342665,85.65516148,651.2487258,1205.65231,1177.914581,928.4993039,693.1369973,1053.753468,350.3576967,1120.253374,317.3781191,1252.472804,86.82981245,184.7787295,492.8241241,93.13916148,140.3776372,1223.740477,1122.98783,593.0677614,286.2369386,76.70060414,443.2613751,137.4598603,79.38311052,208.1963409,318.2199493,1189.739956,890.356339,793.8940301,1279.63759,441.6048602,21.11551199,45.95937605,1102.341335,110.6527601,0,1169.323734,482.481584,42.34545625,115.0848428,1272.338508,722.5007861,1365.68889,13.48240707,1215.087839,1370.73764,147.1962717,1394.990277,1282.426609,1313.802163,1248.379404,1139.189913,1168.741943,208.5661244,1375.416792,665.4174155,253.4430285,1320.150471,1227.733842,10.35,106.35
Hoa Binh,1126.947727,39.68718852,138.216182,1200.47333,1112.125562,633.8838927,86.98554634,104.1338693,241.3720156,539.3352074,121.3126121,1069.975198,97.13594554,951.4414844,101.9791318,1174.230672,1294.22626,886.1639407,1249.570063,1125.615232,55.49959875,112.4480602,731.4298372,1041.677782,1113.225631,957.8861806,1283.590901,1152.463185,1139.511301,1100.455759,202.2100918,281.5957636,393.8653417,186.5126191,812.6966359,1149.702674,1215.006536,91.31939806,1060.270512,1169.323734,0,768.5642091,1176.84471,1227.41523,109.6228416,482.8912172,225.8703204,1182.583263,102.4039725,226.9068261,1028.506845,226.0774376,113.1162414,157.1419471,158.2325745,66.24574393,70.74569716,1216.733803,271.3883844,609.9089043,981.6303078,255.8022184,64.24733483,20.8175,105.3375
Kon Tum,428.1045371,795.7702471,727.1791525,539.755267,403.0172435,170.3484808,783.0734087,749.939798,535.9985769,235.1432383,647.2556485,301.8325001,698.4637502,191.1288991,833.7274982,451.9897334,655.5200786,150.9952371,575.320098,514.5159077,818.0019295,696.4130786,119.5270971,276.9592783,408.9209307,203.2574521,618.6301116,505.5676063,383.8013948,331.9990153,740.7946386,493.0314263,375.1541381,840.2484636,45.98490681,461.4537394,525.8547642,686.8361746,398.1489944,482.481584,768.5642091,0,508.4259574,580.0706648,877.8868683,285.8476601,987.7586961,493.3025519,789.3170556,939.9224872,338.9775465,990.4316023,878.1166872,893.1582173,884.1549284,723.364712,749.0670752,625.528567,1015.593779,187.3000859,239.1539482,972.8691056,817.7129049,14.3838,107.9833
Vinh Long,92.43730843,1211.579718,1175.248631,32.40423329,122.9921463,675.5148967,1215.912339,1189.0879,936.861346,712.3541539,1062.737189,391.3073517,1130.840168,350.8597314,1261.973335,128.710006,149.6538558,527.5113893,72.85649311,106.1552351,1231.609046,1134.235082,621.5040607,325.4646838,112.781911,480.653199,111.7374285,43.85665212,250.4542653,359.8849106,1204.227807,899.6691391,806.823291,1292.163699,469.1047739,56.14709198,53.4464874,1112.17598,118.4325411,42.34545625,1176.84471,508.4259574,0,76.19980099,1278.510301,738.5247279,1369.377984,44.7235113,1225.765584,1381.572425,169.5400503,1401.943151,1289.822274,1323.315839,1251.065572,1148.853316,1178.774494,166.2281162,1376.934261,688.6420533,285.9304188,1320.541655,1236.150514,10.255,105.9753
Hau Giang,168.4334186,1263.008934,1232.059841,44.10997165,198.9409916,745.4864682,1269.984421,1244.357684,989.1206118,777.6930703,1115.472846,465.3150535,1185.478784,426.6449208,1314.99392,195.5758615,75.44941743,603.4896278,58.60277061,109.0823327,1282.539164,1189.694039,694.6008873,401.0153101,188.8914826,556.8043985,61.81094805,77.37123639,320.8539393,432.5275747,1263.483536,953.2587135,865.1086878,1348.949876,541.897548,131.8425671,96.89155206,1165.897762,183.3910393,115.0848428,1227.41523,580.0706648,76.19980099,0,1327.062363,800.4999021,1414.287559,111.7847244,1280.351373,1436.130552,241.5747327,1451.364229,1340.018197,1376.258389,1294.748988,1202.283535,1232.621359,107.4294902,1418.662526,757.7190837,361.5283481,1360.691323,1287.798587,9.7833,105.4708
Yen Bai,1231.088806,90.95760612,211.7541073,1301.369574,1217.030688,743.2725223,137.6585423,173.6819827,347.5112412,648.9577718,230.787887,1179.410171,196.2725971,1060.041846,102.2631383,1279.653688,1392.560123,995.7233362,1351.052749,1223.818406,69.51799414,207.1320172,840.7990407,1150.45394,1217.817444,1067.506328,1384.094982,1252.859716,1247.429035,1209.689681,260.8192587,388.8521887,502.9434969,196.0287976,921.8790603,1252.967705,1317.846155,197.7898856,1162.725498,1272.338508,109.6228416,877.8868683,1278.510301,1327.062363,0,592.3385859,120.3237807,1285.666683,145.4178617,178.9212433,1132.920611,125.5225925,38.75604025,112.0683063,106.9503794,165.619648,151.9848985,1312.164935,176.7183676,719.3248965,1089.192404,182.0954503,79.89921014,21.7,104.8667
Quang Tri,673.7591033,509.9418783,446.5315713,766.4278154,654.2387382,168.0133619,498.7758661,466.7531655,255.1523822,65.4832002,361.5850513,587.084631,413.6124207,471.7893355,548.9590306,712.0480587,873.4824508,408.3885986,810.567533,711.7866374,532.1580624,412.5409437,261.2223944,560.8548591,657.3685422,477.3693234,849.8239072,723.1368177,662.8023613,617.8461224,467.9806376,212.2005795,91.65819597,561.9288718,330.4434065,701.7170864,768.291452,401.1865415,620.2696328,722.5007861,482.8912172,285.8476601,738.5247279,800.4999021,592.3385859,0,703.5514554,735.0217787,505.7629609,658.5407546,575.8446317,704.6827294,592.2783878,608.9403617,603.6194884,437.8464921,464.1090659,816.7722409,734.5143127,145.06841,508.1715691,695.5511995,531.9979643,16.8056,107.0906
Lao Cai,1326.705848,211.2652589,329.802471,1390.814836,1314.216734,858.4124045,254.9810831,292.1819965,452.6062459,762.1724132,344.3263605,1289.591172,316.3746584,1166.676954,211.8934401,1377.786988,1477.401128,1109.681738,1441.398889,1308.997128,189.7470972,327.4552858,955.9560884,1257.572791,1314.364535,1180.446855,1472.631156,1341.586687,1351.665163,1318.676388,373.2476596,495.2237,612.8319448,291.6680101,1030.986611,1346.839607,1410.754108,316.3731959,1255.357929,1365.68889,225.8703204,987.7586961,1369.377984,1414.287559,120.3237807,703.5514554,0,1379.112127,260.4391112,233.3628976,1229.336098,110.9995406,141.9287043,191.9807795,121.7940731,285.4900878,272.1665491,1392.630544,70.4759659,834.3646487,1192.724801,114.2067951,198.8316381,22.4194,103.995
Ben Tre,65.51581352,1216.577772,1175.723309,69.36104544,93.67739184,662.3742615,1218.719846,1190.906518,941.7199682,705.2061705,1066.925009,353.9377242,1133.298896,325.9887671,1265.597139,85.14148135,178.6694983,500.7010055,83.62955138,147.9452702,1236.977057,1135.976568,603.1605336,291.6407266,85.62846046,449.7440044,128.4730755,85.8830503,209.2821474,320.7612694,1202.391388,903.5159512,806.7552402,1292.496395,452.0583507,33.32513952,33.29084725,1115.447932,124.1325174,13.48240707,1182.583263,493.3025519,44.7235113,111.7847244,1285.666683,735.0217787,1379.112127,0,1228.120447,1383.749582,159.3903273,1408.274754,1295.689371,1326.922942,1261.830141,1152.307491,1181.829513,209.5237193,1388.886944,676.7613777,262.5887887,1333.631259,1240.935374,10.2333,106.3833
Bac Giang,1169.929015,73.07765826,71.90465471,1250.974248,1152.957559,641.0296271,15.63142494,39.6651114,293.9068327,554.7479611,168.739933,1087.144317,94.92984325,977.3769153,50.94895365,1213.169763,1349.391395,894.5014524,1298.61576,1181.659688,83.03144016,93.25586751,737.2653552,1065.840288,1154.984575,968.6879392,1334.604921,1204.200426,1168.556828,1120.174655,115.6275144,327.3022932,423.6775485,86.48348164,834.71927,1194.917927,1261.020779,115.6452719,1107.89879,1215.087839,102.4039725,789.3170556,1225.765584,1280.351373,145.4178617,505.7629609,260.4391112,1228.120447,0,155.8261982,1071.201528,212.8845158,118.6204778,104.4266315,236.4166969,81.7312431,50.280778,1277.031485,321.6440238,617.7871,1013.24951,324.8053128,67.77594198,21.2731,106.1947
Cao Bang,1325.32984,187.238063,212.7460052,1406.800444,1308.088317,786.7981767,166.3668986,192.9644717,448.665957,704.801935,322.4986752,1235.280174,250.7544084,1129.186885,126.2749716,1367.959949,1505.047459,1039.09376,1454.420651,1337.203488,175.0637053,247.8923619,881.5533477,1216.844746,1310.242158,1114.200235,1490.430412,1360.011277,1320.99936,1269.326066,213.06033,482.9573504,578.4163415,105.6373844,985.6059125,1350.529832,1416.678612,270.5884663,1263.676233,1370.73764,226.9068261,939.9224872,1381.572425,1436.130552,178.9212433,658.5407546,233.3628976,1383.749582,155.8261982,0,1226.614972,130.9737412,142.0332829,71.86598477,283.6316449,234.8697343,203.9224454,1432.008074,303.7688595,764.1244829,1166.653531,337.640291,162.947375,22.6731,106.25
Binh Phuoc,98.73104057,1061.756632,1017.733346,200.7803038,85.53982148,506.0753905,1062.120804,1033.667764,787.2029811,545.944537,911.5787591,277.779701,976.5295825,194.0007239,1109.566217,150.7032834,316.9562068,370.2327733,238.1771356,193.320419,1082.47397,978.73133,453.0321349,200.5990423,85.02894585,334.8545019,280.4561184,169.3040786,187.5583783,260.4255627,1043.467387,748.1498883,648.7924942,1134.379203,300.3241658,126.1999785,192.6799741,959.2919326,66.49936545,147.1962717,1028.506845,338.9775465,169.5400503,241.5747327,1132.920611,575.8446317,1229.336098,159.3903273,1071.201528,1226.614972,0,1254.519009,1141.595657,1170.828522,1113.68492,996.2530329,1025.442406,300.4195387,1242.244878,519.4998363,129.3912848,1188.905548,1085.895065,11.6504,106.6
